Ref: 7591 - 2025-12-04 08:12:21.799408
Ref: 2471 - 2025-12-04 08:12:23.414992


